1
0
2
0
3
150
1
450
2
750
4
1050
4
300
2
450
3
900
2
1050
3
1350
1
1500
3
1650
2
1650
4
1950
2
2100
1
2100
3
2250
1
2400
2
2400
3
2550
1
2850
2
3150
4
3450
4
2700
2
2850
3
3300
2
3450
3
3750
1
3900
3
4050
2
4050
4
4350
2
4500
1
4500
3
4650
2
4800
4
4800
3
4950
4
5100
1
5100
2
5250
3
5250
1
5550
4
5700
3
5700
1
5850
2
5850
3
6150
4
6300
2
6300
3
6450
1
6450
2
6750
3
6750
4
6900
1
6900
2
7050
3
7050
2
7200
4
7200
3
7350
4
7500
1
7500
2
7650
3
7650
1
7950
4
8100
3
8100
1
8250
2
8250
3
8550
4
8700
2
8700
3
8850
1
8850
2
9150
3
9150
4
9300
1
9300
2
9450
3
9450
2
9600
1
9600
4
9600
3
9750
2
9900
1
9900
4
10050
3
10200
1
10200
4
10500
2
10500
3
10650
2
10950
4
10950
1
11100
3
11100
2
11250
3
11400
4
11400
1
11400
3
11550
2
11700
1
11700
4
11700
2
11850
3
12000
4
12000
1
12150
2
12300
4
12300
3
12450
2
12600
1
12600
4
12900
3
12900
2
13050
4
13350
1
13350
3
13500
4
13800
3
13800
1
13800
2
13650
2
13950
3
13950
2
14100
1
14100
4
14100
2
14250
3
14250
2
14400
1
14400
4
14400
3
14550
2
14700
1
14700
4
14850
3
15000
1
15000
4
15300
2
15300
3
15450
2
15750
4
15750
1
15900
3
15900
2
16050
3
16200
4
16200
1
16200
3
16350
2
16500
1
16500
4
16500
2
16650
3
16800
4
16800
1
16950
2
17100
4
17100
3
17250
2
17400
1
17400
4
17700
3
17700
2
17850
4
18150
1
18150
3
18300
4
18600
3
18600
1
18600
2
18450
2
18750
3
18750
2
18900
1
18900
4
18900
2
19050
3
19050
2
19200
1
19200
4
19200
3
19350
2
19500
3
19800
4
20100
3
20250
4
19500
1
19650
2
19800
1
20100
2
20550
4
20550
1
20700
4
21000
1
21000
3
21150
1
21300
4
21300
2
21450
2
21000
3
20850
2
20700
3
21300
3
21600
4
21600
4
21900
1
22200
4
22500
3
22500
2
22650
1
21750
3
21900
2
22050
3
22200
4
22950
1
22950
3
23100
4
23400
3
23400
1
23400
2
23250
2
23550
3
23550
2
23700
1
23700
4
23700
2
23850
3
23850
2
24000
1
24000
4
24000
3
24150
2
24300
3
24600
4
24900
3
25050
4
24300
1
24450
2
24600
1
24900
2
25350
4
25350
1
25500
4
25800
1
25800
3
25950
1
26100
4
26100
2
26250
2
25800
3
25650
2
25500
3
26100
3
26400
4
26400
4
26700
1
27000
4
27300
3
27300
2
27450
1
26550
3
26700
2
26850
3
27000
4
27750
1
27750
3
27900
4
28200
3
28200
1
28200
2
28050
2
28350
3
28350
2
28500
1
28500
4
28500
2
28650
3
28650
1
28800
2
29100
4
29175
3
29250
2
29550
4
29700
2
29850
1
30000
2
30300
4
30375
3
30450
2
30750
4
30900
2
31050
3
31200
4
31200
1
31200
2
31350
3
31650
4
31650
1
31800
2
31800
4
31800
3
31950
1
32100
2
32100
4
32250
3
32400
1
32400
1
32700
2
32700
4
32550
3
33000
1
33000
3
33300
1
33300
2
33450
4
33300
4
32850
2
33150
3
33600
1
33600
2
33900
4
33900
3
34050
1
34500
4
34350
2
34500
3
34650
4
34950
2
34950
3
35100
1
35100
2
35250
4
35250
2
35400
1
35400
4
35400
4
35550
4
35700
3
35700
1
35700
1
35850
3
35550
2
35850
3
36000
4
36000
1
36000
2
36150
3
36450
4
36450
1
36600
2
36600
4
36600
3
36750
1
36900
2
36900
4
37050
3
37200
1
37200
1
37500
2
37500
4
37350
3
37800
1
37800
3
38100
1
38100
2
38250
4
38100
4
37650
2
37950
3
38400
1
38400
2
38700
4
38700
3
38850
1
39300
4
39150
2
39300
3
39450
4
39750
2
39750
3
39900
1
39900
2
40050
4
40050
2
40200
1
40200
4
40200
4
40350
4
40500
3
40500
1
40500
1
40650
3
40350
2
40650
4
40800
3
40800
2
41100
1
41100
4
41250
3
41550
2
41850
4
41850
3
42150
2
42300
4
42300
1
42450
3
42600
2
42600
4
42750
3
42750
1
42900
3
42900
2
43050
1
43050
4
43200
1
43200
3
43200
2
43350
4
43425
3
43575
1
43650
2
43950
4
44100
3
44100
2
44175
1
44250
2
44550
4
44700
1
44700
3
44850
2
45000
1
45000
4
45000
2
45150
4
45300
3
45300
1
45450
4
45600
3
45600
2
45900
1
45900
4
46050
3
46350
2
46650
4
46650
3
46950
2
47100
4
47100
1
47250
3
47400
2
47400
4
47550
3
47550
1
47700
3
47700
2
47850
1
47850
4
48000
1
48000
3
48000
2
48150
4
48225
3
48375
1
48450
2
48750
4
48900
3
48900
2
48975
1
49050
2
49350
4
49500
1
49500
3
49650
2
49800
1
49800
4
49800
2
49950
4
50100
3
50100
1
50250
2
50400
1
50400
4
50550
3
50550
2
50700
3
50850
1
50850
4
51150
3
51300
2
51300
1
51450
4
51450
2
51750
3
51900
1
51900
4
52050
2
52200
2
52500
1
52500
3
52350
1
52200
3
52575
4
52650
3
52800
2
52800
1
52950
4
53100
2
53250
3
53100
1
53250
3
53550
4
53550
1
53550
1
53700
3
53700
4
53700
2
53850
3
54150
2
54300
4
54300
1
54450
4
54600
3
54600
2
54675
1
54750
3
54825
2
54900
1
54900
3
54975
4
55050
2
55125
2
55200
1
55200
4
55350
3
55350
2
55500
3
55650
1
55650
4
55950
3
56100
2
56100
1
56250
4
56250
2
56550
3
56700
1
56700
4
56850
2
57000
2
57300
1
57300
3
57150
1
57000
3
57375
4
57450
3
57600
2
57600
1
57750
4
57900
2
58050
3
57900
1
58050
3
58350
4
58350
1
58350
1
58500
3
58500
4
58500
2
58650
3
58950
2
59100
4
59100
1
59250
4
59400
3
59400
2
59475
1
59550
3
59625
2
59700
1
59700
3
59775
4
59850
2
59925
2
60000
1
60000
4
60150
3
60150
2
60300
3
60450
1
60450
4
60750
3
60900
2
60900
1
61050
4
61050
2
61350
3
61500
1
61500
4
61650
2
61800
2
62100
1
62100
3
61950
1
61800
4
62250
3
62400
2
62400
1
62550
4
62700
2
62850
3
62700
1
62850
3
63150
1
63150
4
63300
2
63300
1
63450
3
63750
2
63900
4
63900
1
64050
4
64200
3
64200
1
64350
2
64500
1
64500
4
64650
2
64800
1
64800
4
64950
3
64950
2
65100
3
65250
1
65250
4
65550
3
65700
2
65700
1
65850
4
65850
2
66150
3
66300
1
66300
4
66450
2
66600
2
66900
1
66900
3
66750
1
66600
4
67050
3
67200
2
67200
1
67350
4
67500
2
67650
3
67500
1
67650
3
67950
1
67950
4
68100
2
68100
1
68250
3
68550
2
68700
4
68700
1
68850
4
69000
3
69000
1
69150
2
69300
1
69300
4
69450
2
69600
1
69600
4
69600
3
69750
2
69900
1
69900
4
70050
3
70200
1
70200
4
70500
2
70500
3
70650
2
70950
4
70950
1
71100
3
71100
2
71250
3
71400
4
71400
1
71400
3
71550
2
71700
1
71700
4
71700
2
71850
3
72000
4
72000
1
72150
2
72300
4
72300
3
72450
2
72600
1
72600
4
72900
3
72900
2
73050
4
73350
1
73350
3
73500
4
73800
3
73800
1
73800
2
73650
2
73950
3
73950
2
74100
1
74100
4
74100
2
74250
3
74250
2
74400
1
74400
4
74400
3
74550
2
74700
1
74700
4
74850
3
75000
1
75000
4
75300
2
75300
3
75450
2
75750
4
75750
1
75900
3
75900
2
76050
3
76200
4
76200
1
76200
3
76350
2
76500
1
76500
4
76500
2
76650
3
76800
4
76800
1
76950
2
77100
4
77100
3
77250
2
77400
1
77400
4
77700
3
77700
2
77850
4
78150
1
78150
3
78300
4
78600
3
78600
1
78600
2
78450
2
78750
3
78750
2
78900
1
78900
4
78900
2
79050
3
79050
2
79200
1
79200
4
79200
2
79500
3
79800
4
80100
3
80250
4
79500
1
79650
2
79800
1
80100
3
79275
2
79350
3
79425
2
80550
4
80550
1
80700
4
81000
1
81000
4
81300
2
81450
2
81000
3
80850
2
80700
3
81300
3
81075
2
81150
1
81225
2
81300
1
81375
3
81525
4
81600
1
82200
4
82500
3
82500
2
82650
2
82050
3
82200
2
81600
3
81675
4
81750
3
81825
2
81900
1
81900
4
82950
1
82950
3
83100
4
83400
3
83400
1
83400
2
83250
2
83700
1
83700
4
83700
2
83475
1
83550
3
83625
4
83550
3
83775
4
83850
1
83850
2
83925
2
84000
1
84000
4
84000
2
84300
3
84600
4
84900
3
85050
4
84300
1
84450
2
84600
1
84900
3
84075
2
84150
3
84225
2
85350
4
85350
1
85500
4
85800
1
85800
4
86100
2
86250
2
85800
3
85650
2
85500
3
86100
3
85875
2
85950
1
86025
2
86100
1
86175
3
86325
4
86400
1
87000
4
87300
3
87300
2
87450
2
86850
3
87000
2
86400
3
86475
4
86550
3
86625
2
86700
1
86700
4
87750
1
87750
3
87900
4
88200
3
88200
1
88200
2
88050
2
88500
1
88500
4
88500
2
88275
1
88350
3
88425
4
88350
3
88575
4
88650
1
88650
2
88725
3
88800
2
89400
4
89550
3
89700
1
89850
4
90000
1
90600
2
91200
4
91200
3
91650
1
91800
2
91950
3
92100
2
92400
1
92400
4
92850
2
92850
1
92850
2
93000
1
93000
4
93000
3
93225
4
93225
1
93225
1
93450
3
93450
4
93450
4
93600
3
93600
2
93600
1
93600
1
95550
3
95700
2
96000
4
96150
2
96450
1
96000
4
96750
2
96900
3
96900
1
97200
2
97200
4
97350
3
97500
1
97500
2
97800
4
97800
3
97950
1
98250
4
98250
3
98400
2
98400
1
100800
3
100800
2
101100
1
101100
4
101250
3
101550
1
101700
2
101700
3
101850
4
102150
2
102300
1
102300
3
102450
4
102600
2
102600
4
102900
3
102900
1
102750
2
103050
4
103200
3
103200
2
103350
1
103500
3
103500
2
103650
4
103800
3
103800
2
103950
1
104100
3
104100
2
104250
4
103200
3
103200
2
103350
1
103500
3
103500
2
103650
3
103800
4
103800
2
103950
1
104100
3
104100
2
104250
1
104400
2
104400
3
104550
4
104700
2
104700
3
104850
2
105000
1
105000
3
105150
4
105300
2
105300
3
105450
2
104400
1
104400
3
104550
2
104700
4
104700
3
104850
2
105000
1
105000
3
105150
2
105300
4
105300
3
105450
4
105600
1
105600
3
105750
2
105900
1
105900
3
106050
1
106200
4
106200
2
106350
4
106500
3
106500
2
106650
1
105600
4
105600
3
105750
2
105900
1
105900
3
106050
1
106200
4
106200
2
106350
4
106500
3
106500
2
106650
3
106800
4
106800
1
106800
2
106950
3
106950
2
107100
1
107100
4
107100
3
107250
3
107400
4
107400
2
107400
1
107550
4
107700
2
107700
1
107700
2
107850
1
107850
4
107850
1
107250
3
107550
3
106800
4
106800
1
106800
2
106950
3
106950
2
107100
1
107100
4
107100
3
107250
1
107250
2
107400
3
107400
4
107400
3
107550
1
107550
2
107700
1
107700
4
107700
2
107850
1
107850
4
107850
1
108000
2
108300
4
108375
3
108450
2
108750
4
108900
2
109050
1
109200
2
109500
4
109575
3
109650
2
109950
4
110100
2
110250
3
110400
4
110400
1
110400
2
110550
4
110850
1
111000
2
111000
4
111000
3
111150
1
111300
2
111300
4
111450
3
110925
2
110850
3
111600
1
111600
1
111900
2
111900
4
111750
3
112200
1
112200
3
112500
1
112500
2
112650
4
112500
4
112050
2
112350
3
111825
3
112800
1
112800
2
113100
4
113100
1
113700
4
113550
2
113700
3
113850
2
113250
3
113175
4
114150
2
114150
3
114300
1
114300
2
114450
4
114450
2
114600
1
114600
4
114600
4
114750
4
114900
1
115050
2
115050
3
114675
2
114750
2
114900
3
114975
1
114825
3
115125
3
115200
4
115200
1
115200
2
115350
4
115650
1
115800
2
115800
4
115800
3
115950
1
116100
2
116100
4
116250
3
115725
2
115650
3
116400
1
116400
1
116700
2
116700
4
116550
3
117000
1
117000
3
117300
1
117300
2
117450
4
117300
4
116850
2
117150
3
116625
3
117600
1
117600
2
117900
4
117900
1
118500
4
118350
2
118500
3
118650
2
118050
3
117975
4
118950
2
118950
3
119100
1
119100
2
119250
4
119250
2
119400
1
119400
4
119400
4
119550
4
119700
1
119850
2
119850
3
119475
2
119550
2
119700
3
119775
1
119625
3
119925
4
120000
3
120000
2
120300
1
120300
4
120450
3
120750
2
121050
4
121050
3
121350
2
121500
4
121500
1
121650
3
121800
2
121800
4
121950
3
121950
1
122100
3
122100
2
122250
1
122250
4
122400
1
122400
3
122400
2
122550
4
122625
3
122775
1
122850
2
123150
4
123300
3
123300
2
123375
1
123450
2
123750
4
123900
1
123900
3
124050
2
124200
1
124200
4
124200
2
124350
4
124500
3
124500
1
124650
4
124800
3
124800
2
125100
1
125100
4
125250
3
125550
2
125850
4
125850
3
126150
2
126300
4
126300
1
126450
3
126600
2
126600
4
126750
3
126750
1
126900
3
126900
2
127050
1
127050
4
127200
1
127200
3
127200
2
127350
4
127425
3
127575
1
127650
2
127950
4
128100
3
128100
2
128175
1
128250
2
128550
4
128700
1
128700
3
128850
2
129000
1
129000
4
129000
2
129150
4
129300
3
129300
1
129450
2
129600
1
129600
4
129750
3
129750
2
129900
3
130050
1
130050
4
130350
3
130500
2
130500
1
130650
4
130650
2
130950
3
131100
1
131100
4
131250
2
131400
2
131700
1
131700
3
131550
1
131400
4
131850
3
132000
2
132000
1
132150
4
132300
2
132450
3
132300
1
132450
3
132750
1
132750
4
132900
2
132900
1
133050
3
133350
2
133500
4
133500
1
133650
4
133800
3
133800
1
133950
2
134100
1
134100
4
134250
2
134400
1
134400
4
134550
3
134550
2
134700
3
134850
1
134850
4
135150
3
135300
2
135300
1
135450
4
135450
2
135750
3
135900
1
135900
4
136050
2
136200
2
136500
1
136500
3
136350
1
136200
3
136575
4
136650
3
136800
2
136800
1
136950
4
137100
2
137250
3
137100
1
137250
3
137550
4
137550
1
137550
1
137700
3
137700
4
137700
2
137850
3
138150
2
138300
4
138300
1
138450
4
138600
3
138600
2
138675
1
138750
3
138825
2
138900
1
138900
3
138975
4
139050
2
139125
2
139200
1
139200
4
139350
3
139350
2
139500
3
139650
1
139650
4
139950
3
140100
2
140100
1
140250
4
140250
2
140550
3
140700
1
140700
4
140850
2
141000
2
141300
1
141300
3
141150
1
141000
4
141450
3
141600
2
141600
1
141750
4
141900
2
142050
3
141900
1
142050
3
142350
1
142350
4
142500
2
142500
1
142650
3
142950
2
143100
4
143100
1
143250
4
143400
3
143400
1
143550
2
143700
1
143700
4
143850
2
144000
1
144000
4
144150
3
144150
2
144300
3
144450
1
144450
4
144750
3
144900
2
144900
1
145050
4
145050
2
145350
3
145500
1
145500
4
145650
2
145800
2
146100
1
146100
3
145950
1
145800
3
146175
4
146250
3
146400
2
146400
1
146550
4
146700
2
146850
3
146700
1
146850
3
147150
4
147150
1
147150
1
147300
3
147300
4
147300
2
147450
3
147750
2
147900
4
147900
1
148050
4
148200
3
148200
2
148275
1
148350
3
148425
2
148500
1
148500
3
148575
4
148650
2
148725
2
148800
1
148800
4
148800
3
148950
2
149100
1
149100
4
149250
3
149400
1
149400
4
149700
2
149700
3
149850
2
150150
4
150150
1
150300
3
150300
2
150450
3
150600
4
150600
1
150600
3
150750
2
150900
1
150900
4
150900
2
151050
3
151200
4
151200
1
151350
2
151500
4
151500
3
151650
2
151800
1
151800
4
152100
3
152100
2
152250
4
152550
1
152550
3
152700
4
153000
3
153000
1
153000
2
152850
2
153150
3
153150
2
153300
1
153300
4
153300
2
153450
3
153450
2
153600
1
153600
4
153600
2
153900
3
154200
4
154500
3
154650
4
153900
1
154050
2
154200
1
154500
3
153675
2
153750
3
153825
2
154950
4
154950
1
155100
4
155400
1
155400
4
155700
2
155850
2
155400
3
155250
2
155100
3
155700
3
155475
2
155550
1
155625
2
155700
1
155775
3
155925
4
156000
1
156600
4
156900
3
156900
2
157050
2
156450
3
156600
2
156000
3
156075
4
156150
3
156225
2
156300
1
156300
4
157350
1
157350
3
157500
4
157800
3
157800
1
157800
2
157650
2
158100
1
158100
4
158100
2
157875
1
157950
3
158025
4
157950
3
158175
4
158250
1
158250
2
158325
2
158400
1
158400
4
158400
3
158550
2
158700
1
158700
4
158850
3
159000
1
159000
4
159300
2
159300
3
159450
2
159750
4
159750
1
159900
3
159900
2
160050
3
160200
4
160200
1
160200
3
160350
2
160500
1
160500
4
160500
2
160650
3
160800
4
160800
1
160950
2
161100
4
161100
3
161250
2
161400
1
161400
4
161700
3
161700
2
161850
4
162150
1
162150
3
162300
4
162600
3
162600
1
162600
2
162450
2
162750
3
162750
2
162900
1
162900
4
162900
2
163050
3
163050
2
163200
1
163200
4
163200
2
163500
3
163800
4
164100
3
164250
4
163500
1
163650
2
163800
1
164100
3
163275
2
163350
3
163425
2
164550
4
164550
1
164700
4
165000
1
165000
4
165300
2
165450
2
165000
3
164850
2
164700
3
165300
3
165075
2
165150
1
165225
2
165300
1
165375
3
165525
4
165600
1
166200
4
166500
3
166500
2
166650
2
166050
3
166200
2
165600
3
165675
4
165750
3
165825
2
165900
1
165900
4
166950
1
166950
3
167100
4
167400
3
167400
1
167400
2
167250
2
167700
1
167700
4
167700
2
167475
1
167550
3
167625
4
167550
3
167775
4
167850
1
167850
2
167925
3
168000
