3
0
2
214.285714285714
3
535.714285714286
1
857.142857142857
4
1178.57142857143
1
1500
2
857.142857142857
1
1714.28571428571
2
1928.57142857143
4
2250
1
2571.42857142857
3
2571.42857142857
2
2892.85714285714
4
3214.28571428571
3
3428.57142857143
2
3642.85714285714
1
3964.28571428571
4
4285.71428571429
3
4285.71428571429
2
4607.14285714286
3
4928.57142857143
2
5142.85714285714
2
5357.14285714286
4
5678.57142857143
2
6000
3
6000
1
6321.42857142857
4
6321.42857142857
3
6642.85714285714
2
6642.85714285714
3
6857.14285714286
2
7071.42857142857
3
7392.85714285714
1
7714.28571428571
4
8035.71428571429
1
8357.14285714286
2
7714.28571428571
1
8571.42857142857
2
8785.71428571429
4
9107.14285714286
1
9428.57142857143
3
9428.57142857143
2
9750
4
10071.4285714286
3
10285.7142857143
2
10500
1
10821.4285714286
4
11142.8571428571
3
11142.8571428571
2
11464.2857142857
3
11785.7142857143
2
12000
2
12214.2857142857
4
12535.7142857143
2
12857.1428571429
3
12857.1428571429
1
13178.5714285714
4
13178.5714285714
3
13500
2
13500
1
13714.2857142857
2
13714.2857142857
3
13928.5714285714
4
14035.7142857143
2
14250
1
14571.4285714286
3
14571.4285714286
2
14678.5714285714
4
14785.7142857143
3
14785.7142857143
2
14892.8571428571
1
15000
3
15000
4
13714.2857142857
3
13714.2857142857
1
13821.4285714286
2
13928.5714285714
4
14035.7142857143
2
14250
3
14357.1428571429
1
14464.2857142857
4
14571.4285714286
2
14571.4285714286
3
14678.5714285714
2
14785.7142857143
1
14892.8571428571
3
15107.1428571429
1
15214.2857142857
3
15321.4285714286
4
15428.5714285714
2
15428.5714285714
3
15642.8571428571
1
15750
2
15964.2857142857
4
16285.7142857143
3
16285.7142857143
2
16392.8571428571
1
16500
3
16500
2
16607.1428571429
3
16714.2857142857
4
16714.2857142857
4
15428.5714285714
2
15428.5714285714
1
15535.7142857143
2
15642.8571428571
3
15750
1
15964.2857142857
4
16071.4285714286
1
16178.5714285714
3
16285.7142857143
2
16285.7142857143
4
16392.8571428571
3
16500
1
16607.1428571429
2
16607.1428571429
3
16821.4285714286
2
16928.5714285714
4
16928.5714285714
3
17035.7142857143
1
17142.8571428571
4
17142.8571428571
2
17357.1428571429
3
17464.2857142857
2
17678.5714285714
1
18000
4
18000
3
18107.1428571429
2
18214.2857142857
1
18214.2857142857
3
18321.4285714286
4
18428.5714285714
1
18428.5714285714
2
17142.8571428571
1
17142.8571428571
3
17250
4
17357.1428571429
3
17464.2857142857
2
17678.5714285714
1
17785.7142857143
2
17892.8571428571
4
18000
3
18000
1
18107.1428571429
2
18214.2857142857
4
18321.4285714286
1
18535.7142857143
3
18535.7142857143
2
18642.8571428571
4
18642.8571428571
3
18750
1
18750
2
18857.1428571429
3
18857.1428571429
4
19071.4285714286
3
19178.5714285714
1
19392.8571428571
4
19714.2857142857
1
19714.2857142857
3
19714.2857142857
2
19821.4285714286
3
19928.5714285714
4
19928.5714285714
2
20035.7142857143
1
20142.8571428571
2
20250
1
20357.1428571429
2
18857.1428571429
4
18857.1428571429
3
18964.2857142857
4
19071.4285714286
3
19178.5714285714
2
19392.8571428571
4
19500
1
19607.1428571429
4
19714.2857142857
3
19714.2857142857
2
19821.4285714286
1
19928.5714285714
2
20035.7142857143
4
20035.7142857143
3
20250
1
20357.1428571429
4
20357.1428571429
3
20464.2857142857
2
20464.2857142857
4
20357.1428571429
3
20142.8571428571
1
20571.4285714286
2
20571.4285714286
3
20785.7142857143
4
20892.8571428571
2
21107.1428571429
1
21428.5714285714
3
21428.5714285714
2
21535.7142857143
4
21642.8571428571
3
21642.8571428571
2
21750
1
21857.1428571429
3
21857.1428571429
4
20571.4285714286
3
20571.4285714286
1
20678.5714285714
2
20785.7142857143
4
20892.8571428571
2
21107.1428571429
3
21214.2857142857
1
21321.4285714286
4
21428.5714285714
2
21428.5714285714
3
21535.7142857143
2
21642.8571428571
1
21750
3
21964.2857142857
1
22071.4285714286
3
22178.5714285714
4
22285.7142857143
2
22285.7142857143
3
22500
1
22607.1428571429
2
22821.4285714286
4
23142.8571428571
3
23142.8571428571
2
23250
1
23357.1428571429
3
23357.1428571429
2
23464.2857142857
3
23571.4285714286
4
23571.4285714286
4
22285.7142857143
2
22285.7142857143
1
22392.8571428571
2
22500
3
22607.1428571429
1
22821.4285714286
4
22928.5714285714
1
23035.7142857143
3
23142.8571428571
2
23142.8571428571
4
23250
3
23357.1428571429
1
23464.2857142857
2
23464.2857142857
3
23678.5714285714
2
23785.7142857143
4
23785.7142857143
3
23892.8571428571
1
24000
4
24000
2
24214.2857142857
3
24321.4285714286
2
24535.7142857143
1
24857.1428571429
4
24857.1428571429
3
24964.2857142857
2
25071.4285714286
1
25071.4285714286
3
25178.5714285714
4
25285.7142857143
1
25285.7142857143
2
24000
1
24000
3
24107.1428571429
4
24214.2857142857
3
24321.4285714286
2
24535.7142857143
1
24642.8571428571
2
24750
4
24857.1428571429
3
24857.1428571429
1
24964.2857142857
2
25071.4285714286
4
25178.5714285714
1
25392.8571428571
3
25392.8571428571
2
25500
4
25500
3
25607.1428571429
1
25607.1428571429
2
25714.2857142857
3
25714.2857142857
4
25928.5714285714
3
26035.7142857143
1
26250
4
26571.4285714286
1
26571.4285714286
3
26571.4285714286
2
26678.5714285714
3
26785.7142857143
4
26785.7142857143
2
26892.8571428571
1
27000
2
27107.1428571429
1
27214.2857142857
2
25714.2857142857
4
25714.2857142857
3
25821.4285714286
4
25928.5714285714
3
26035.7142857143
2
26250
4
26357.1428571429
1
26464.2857142857
4
26571.4285714286
3
26571.4285714286
2
26678.5714285714
1
26785.7142857143
2
26892.8571428571
4
26892.8571428571
3
27107.1428571429
1
27214.2857142857
4
27214.2857142857
2
27321.4285714286
4
27214.2857142857
3
27000
2
27321.4285714286
4
27642.8571428571
1
27964.2857142857
4
28285.7142857143
2
28607.1428571429
3
28928.5714285714
3
28285.7142857143
3
27428.5714285714
2
28285.7142857143
4
29357.1428571429
1
29678.5714285714
3
30000
1
30321.4285714286
4
30642.8571428571
4
30000
1
29142.8571428571
4
30000
4
31071.4285714286
1
31392.8571428571
4
31714.2857142857
3
32357.1428571429
2
31714.2857142857
1
32035.7142857143
3
30857.1428571429
2
31714.2857142857
3
32785.7142857143
4
33107.1428571428
1
33428.5714285714
2
33428.5714285714
4
33750
2
33750
3
34071.4285714286
1
34071.4285714286
4
32571.4285714286
1
33428.5714285714
4
34500
1
34821.4285714286
4
35142.8571428571
2
35464.2857142857
3
35785.7142857143
3
35142.8571428571
3
34285.7142857143
2
35142.8571428571
4
36214.2857142857
1
36535.7142857143
3
36857.1428571429
1
37178.5714285714
4
37500
4
36857.1428571429
1
36000
4
36857.1428571429
4
37928.5714285714
1
38250
4
38571.4285714286
3
39214.2857142857
2
38571.4285714286
1
38892.8571428571
3
37714.2857142857
2
38571.4285714286
3
39642.8571428571
4
39964.2857142857
1
40285.7142857143
2
40285.7142857143
4
40607.1428571428
2
40607.1428571428
3
40928.5714285714
1
40928.5714285714
4
39428.5714285714
1
40285.7142857143
2
41142.8571428572
1
41142.8571428572
3
41357.1428571429
2
41464.2857142857
4
41464.2857142857
3
41678.5714285714
4
42000
2
42000
3
42214.2857142857
2
42321.4285714286
1
42321.4285714286
3
42535.7142857143
1
42857.1428571429
4
42857.1428571429
2
43071.4285714286
4
43178.5714285714
3
43178.5714285714
1
43392.8571428572
3
43714.2857142857
2
43714.2857142857
4
43928.5714285714
1
43928.5714285714
3
44035.7142857143
2
44035.7142857143
1
44250
4
44250
4
44571.4285714286
3
44571.4285714286
1
44892.8571428572
2
45428.5714285714
4
45428.5714285714
1
45750
4
46285.7142857143
3
46285.7142857143
1
46607.1428571429
2
46928.5714285714
4
47142.8571428572
1
47142.8571428572
3
47571.4285714286
2
47571.4285714286
2
48000
1
48000
3
48214.2857142857
2
48321.4285714286
4
48321.4285714286
3
48535.7142857143
4
48857.1428571429
2
48857.1428571429
3
49071.4285714286
2
49178.5714285714
1
49178.5714285714
3
49392.8571428572
1
49714.2857142857
4
49714.2857142857
2
49928.5714285714
4
50035.7142857143
3
50035.7142857143
1
50250
3
50571.4285714286
2
50571.4285714286
4
50785.7142857143
1
50785.7142857143
3
50892.8571428572
2
50892.8571428572
1
51107.1428571429
4
51107.1428571429
4
51428.5714285714
3
51428.5714285714
1
51750
2
52285.7142857143
4
52285.7142857143
1
52607.1428571429
4
53142.8571428572
3
53142.8571428572
1
53464.2857142857
2
53785.7142857143
4
54000
1
54000
3
54428.5714285714
2
54428.5714285714
2
54857.1428571429
1
54857.1428571429
3
55178.5714285715
2
55500
4
55821.4285714286
3
56142.8571428572
1
56142.8571428572
2
54857.1428571429
4
56571.4285714286
3
56571.4285714286
2
56892.8571428572
3
57214.2857142858
1
57535.7142857143
2
57857.1428571429
4
57857.1428571429
4
56785.7142857143
3
57000
1
57000
2
57214.2857142858
4
57428.5714285715
3
57428.5714285715
1
57857.1428571429
4
57857.1428571429
2
58071.4285714286
1
58285.7142857143
3
58285.7142857143
2
58607.1428571429
4
58928.5714285715
3
59250
2
59571.4285714286
1
59571.4285714286
2
60000
4
60000
3
60321.4285714286
1
60642.8571428572
2
60964.2857142858
4
61285.7142857143
3
61285.7142857143
2
61500
1
61500
3
60214.2857142858
2
60428.5714285715
1
60428.5714285715
3
60642.8571428572
2
60857.1428571429
4
60857.1428571429
1
61285.7142857143
3
61285.7142857143
2
61714.2857142857
1
61714.2857142857
3
62035.7142857143
2
62357.1428571429
4
62678.5714285715
3
63000
1
63000
4
61714.2857142858
1
61928.5714285715
4
62142.8571428572
3
61714.2857142858
3
61928.5714285715
2
62142.8571428572
1
62357.1428571429
2
63000
1
63214.2857142858
4
63000
4
63428.5714285715
3
63428.5714285715
2
63750
3
64071.4285714286
1
64392.8571428572
2
64714.2857142857
4
64714.2857142857
2
63428.5714285715
4
63428.5714285715
3
63857.1428571429
2
63857.1428571429
1
64285.7142857143
3
64285.7142857143
4
64607.1428571429
2
64928.5714285715
1
65142.8571428572
3
65142.8571428572
2
65464.2857142858
4
65785.7142857143
3
66107.1428571429
2
66428.5714285715
1
66428.5714285715
4
66428.5714285715
1
66428.5714285715
2
66857.1428571429
4
66857.1428571429
3
67178.5714285715
1
67500
2
67821.4285714286
4
68142.8571428572
3
68142.8571428572
2
68357.1428571429
1
68357.1428571429
2
66857.1428571429
3
66857.1428571429
4
67714.2857142858
2
68571.4285714286
1
68571.4285714286
3
68892.8571428572
2
69214.2857142858
4
69535.7142857143
3
69857.1428571429
1
69857.1428571429
2
68571.4285714286
4
70285.7142857143
3
70285.7142857143
2
70607.1428571429
3
70928.5714285715
1
71250
2
71571.4285714286
4
71571.4285714286
4
70500
3
70714.2857142858
1
70714.2857142858
2
70928.5714285715
4
71142.8571428572
3
71142.8571428572
1
71571.4285714286
4
71571.4285714286
2
71785.7142857143
1
72000
3
72000
2
72321.4285714286
4
72642.8571428572
3
72964.2857142858
2
73285.7142857143
1
73285.7142857143
2
73714.2857142858
4
73714.2857142858
3
74035.7142857143
1
74357.1428571429
2
74678.5714285715
4
75000
3
75000
2
75214.2857142858
1
75214.2857142858
3
73928.5714285715
2
74142.8571428572
1
74142.8571428572
3
74357.1428571429
2
74571.4285714286
4
74571.4285714286
1
75000
3
75000
2
75428.5714285715
1
75428.5714285715
3
75750
2
76071.4285714286
4
76392.8571428572
3
76714.2857142857
1
76714.2857142857
4
75428.5714285715
1
75642.8571428572
4
75857.1428571429
3
75428.5714285715
3
75642.8571428572
2
75857.1428571429
1
76071.4285714286
2
76714.2857142858
1
76928.5714285715
4
76714.2857142858
4
77142.8571428572
3
77142.8571428572
2
77464.2857142858
3
77785.7142857143
1
78107.1428571429
2
78428.5714285715
4
78428.5714285715
2
77142.8571428572
4
77142.8571428572
3
77571.4285714286
2
77571.4285714286
1
78000
3
78000
4
78321.4285714286
2
78642.8571428572
1
78857.1428571429
3
78857.1428571429
2
79178.5714285715
4
79500
3
79821.4285714286
2
80142.8571428572
1
80142.8571428572
4
80142.8571428572
1
80142.8571428572
2
80571.4285714286
4
80571.4285714286
3
80892.8571428572
1
81214.2857142858
2
81535.7142857143
4
81857.1428571429
3
81857.1428571429
2
82071.4285714286
1
82071.4285714286
2
80571.4285714286
3
80571.4285714286
4
81428.5714285715
1
82285.7142857143
2
82285.7142857143
3
82500
4
82607.1428571429
2
82821.4285714286
1
83142.8571428572
3
83142.8571428572
2
83250
4
83357.1428571429
3
83357.1428571429
2
83464.2857142857
1
83571.4285714286
3
83571.4285714286
4
82285.7142857143
3
82285.7142857143
1
82392.8571428572
2
82500
4
82607.1428571429
2
82821.4285714286
3
82928.5714285715
1
83035.7142857143
4
83142.8571428572
2
83142.8571428572
3
83250
2
83357.1428571429
1
83464.2857142857
3
83678.5714285715
1
83785.7142857143
3
83892.8571428572
4
84000
2
84000
3
84214.2857142857
1
84321.4285714286
2
84535.7142857143
4
84857.1428571429
3
84857.1428571429
2
84964.2857142857
1
85071.4285714286
3
85071.4285714286
2
85178.5714285715
3
85285.7142857143
4
85285.7142857143
4
84000
2
84000
1
84107.1428571429
2
84214.2857142857
3
84321.4285714286
1
84535.7142857143
4
84642.8571428572
1
84750
3
84857.1428571429
2
84857.1428571429
4
84964.2857142857
3
85071.4285714286
1
85178.5714285715
2
85178.5714285715
3
85392.8571428572
2
85500
4
85500
3
85607.1428571429
1
85714.2857142857
4
85714.2857142857
2
85928.5714285715
3
86035.7142857143
2
86250
1
86571.4285714286
4
86571.4285714286
3
86678.5714285715
2
86785.7142857143
1
86785.7142857143
3
86892.8571428572
4
87000
1
87000
2
85714.2857142857
1
85714.2857142857
3
85821.4285714286
4
85928.5714285715
3
86035.7142857143
2
86250
1
86357.1428571429
2
86464.2857142857
4
86571.4285714286
3
86571.4285714286
1
86678.5714285715
2
86785.7142857143
4
86892.8571428572
1
87107.1428571429
3
87107.1428571429
2
87214.2857142857
4
87214.2857142857
3
87321.4285714286
1
87321.4285714286
2
87428.5714285715
3
87428.5714285715
4
87642.8571428572
3
87750
1
87964.2857142857
4
88285.7142857143
1
88285.7142857143
3
88285.7142857143
2
88392.8571428572
3
88500
4
88500
2
88607.1428571429
1
88714.2857142857
2
88821.4285714286
1
88928.5714285715
2
87428.5714285715
4
87428.5714285715
3
87535.7142857143
4
87642.8571428572
3
87750
2
87964.2857142857
4
88071.4285714286
1
88178.5714285715
4
88285.7142857143
3
88285.7142857143
2
88392.8571428572
1
88500
2
88607.1428571429
4
88607.1428571429
3
88821.4285714286
1
88928.5714285715
4
88928.5714285715
3
89035.7142857143
2
89035.7142857143
4
88928.5714285715
3
88714.2857142857
1
89142.8571428572
2
89142.8571428572
3
89357.1428571429
4
89464.2857142857
2
89678.5714285715
1
90000
3
90000
2
90107.1428571429
4
90214.2857142857
3
90214.2857142857
2
90321.4285714286
1
90428.5714285715
3
90428.5714285715
4
89142.8571428572
3
89142.8571428572
1
89250
2
89357.1428571429
4
89464.2857142857
2
89678.5714285715
3
89785.7142857143
1
89892.8571428572
4
90000
2
90000
3
90107.1428571429
2
90214.2857142857
1
90321.4285714286
3
90535.7142857143
1
90642.8571428572
3
90750
4
90857.1428571429
2
90857.1428571429
3
91071.4285714286
1
91178.5714285715
2
91392.8571428572
4
91714.2857142857
3
91714.2857142857
2
91821.4285714286
1
91928.5714285715
3
91928.5714285715
2
92035.7142857143
3
92142.8571428572
4
92142.8571428572
4
90857.1428571429
2
90857.1428571429
1
90964.2857142857
2
91071.4285714286
3
91178.5714285715
1
91392.8571428572
4
91500
1
91607.1428571429
3
91714.2857142857
2
91714.2857142857
4
91821.4285714286
3
91928.5714285715
1
92035.7142857143
2
92035.7142857143
3
92250
2
92357.1428571429
4
92357.1428571429
3
92464.2857142857
1
92571.4285714286
4
92571.4285714286
2
92785.7142857143
3
92892.8571428572
2
93107.1428571429
1
93428.5714285715
4
93428.5714285715
3
93535.7142857143
2
93642.8571428572
1
93642.8571428572
3
93750
4
93857.1428571429
1
93857.1428571429
2
92571.4285714286
1
92571.4285714286
3
92678.5714285715
4
92785.7142857143
3
92892.8571428572
2
93107.1428571429
1
93214.2857142857
2
93321.4285714286
4
93428.5714285715
3
93428.5714285715
1
93535.7142857143
2
93642.8571428572
4
93750
1
93964.2857142857
3
93964.2857142857
2
94071.4285714286
4
94071.4285714286
3
94178.5714285715
1
94178.5714285715
2
94285.7142857143
3
94285.7142857143
4
94500
3
94607.1428571429
1
94821.4285714286
4
95142.8571428572
1
95142.8571428572
3
95142.8571428572
2
95250
3
95357.1428571429
4
95357.1428571429
2
95464.2857142857
1
95571.4285714286
2
95678.5714285715
1
95785.7142857143
2
94285.7142857143
4
94285.7142857143
3
94392.8571428572
4
94500
3
94607.1428571429
2
94821.4285714286
4
94928.5714285715
1
95035.7142857143
4
95142.8571428572
3
95142.8571428572
2
95250
1
95357.1428571429
2
95464.2857142857
4
95464.2857142857
3
95678.5714285715
1
95785.7142857143
4
95785.7142857143
2
95892.8571428572
4
95785.7142857143
3
95571.4285714286
2
95892.8571428571
2
96000
1
96000
4
96428.5714285714
2
96428.5714285714
3
96857.1428571428
1
96857.1428571428
2
96964.2857142857
4
97178.5714285714
3
97392.8571428571
2
97500
1
97607.1428571428
2
97714.2857142857
4
97714.2857142857
3
98142.8571428571
2
98142.8571428571
1
98571.4285714286
3
98571.4285714286
4
98678.5714285714
3
98892.8571428571
2
99107.1428571428
1
99214.2857142857
2
99321.4285714286
4
99428.5714285714
3
99428.5714285714
2
99857.1428571428
1
99857.1428571428
2
100285.714285714
4
100285.714285714
3
100392.857142857
1
100607.142857143
2
100821.428571429
3
100928.571428571
4
101035.714285714
1
101142.857142857
3
101142.857142857
2
101357.142857143
3
101357.142857143
4
101357.142857143
2
101571.428571429
1
101571.428571429
2
101785.714285714
4
101785.714285714
1
101785.714285714
3
102000
2
102000
1
102000
2
102214.285714286
3
102214.285714286
4
102428.571428571
3
102428.571428571
1
102428.571428571
1
102642.857142857
2
102642.857142857
4
102642.857142857
4
102857.142857143
3
102857.142857143
1
102964.285714286
2
103071.428571429
4
103178.571428571
2
103392.857142857
3
103500
1
103607.142857143
4
103714.285714286
2
103714.285714286
3
103821.428571429
2
103928.571428571
1
104035.714285714
3
104250
1
104357.142857143
3
104464.285714286
2
102857.142857143
1
102857.142857143
4
103285.714285714
2
103285.714285714
3
103714.285714286
1
103714.285714286
2
103821.428571429
4
104035.714285714
3
104250
2
104357.142857143
1
104464.285714286
4
104571.428571429
2
104571.428571429
1
104678.571428571
2
104785.714285714
3
104892.857142857
1
105107.142857143
4
105214.285714286
1
105321.428571429
3
105428.571428571
2
105428.571428571
4
105535.714285714
3
105642.857142857
1
105750
2
105750
3
105964.285714286
2
106071.428571429
4
106071.428571429
3
106178.571428571
2
104571.428571429
4
104571.428571429
3
105000
2
105000
1
105428.571428571
3
105428.571428571
4
105535.714285714
3
105750
2
105964.285714286
1
106071.428571429
2
106178.571428571
2
106285.714285714
1
106285.714285714
3
106392.857142857
4
106500
3
106607.142857143
2
106821.428571429
1
106928.571428571
2
107035.714285714
4
107142.857142857
3
107142.857142857
1
107250
2
107357.142857143
4
107464.285714286
1
107678.571428571
3
107678.571428571
2
107785.714285714
4
107785.714285714
3
107892.857142857
1
107892.857142857
4
106285.714285714
3
106285.714285714
2
106714.285714286
1
106714.285714286
2
107142.857142857
4
107142.857142857
3
107250
1
107464.285714286
2
107678.571428571
3
107785.714285714
4
107892.857142857
1
108000
3
108214.285714286
4
108428.571428571
2
108642.857142857
3
108857.142857143
2
109178.571428571
4
109500
4
109928.571428571
1
110250
4
110571.428571429
2
110892.857142857
3
111214.285714286
3
110571.428571429
3
109714.285714286
2
110571.428571429
4
111642.857142857
1
111964.285714286
3
112285.714285714
1
112607.142857143
4
112928.571428571
4
112285.714285714
1
111428.571428571
4
112285.714285714
4
113357.142857143
1
113678.571428571
4
114000
3
114642.857142857
2
114000
1
114321.428571429
3
113142.857142857
2
114000
3
115071.428571429
4
115392.857142857
1
115714.285714286
2
115714.285714286
4
116035.714285714
2
116035.714285714
3
116357.142857143
1
116357.142857143
4
114857.142857143
1
115714.285714286
4
116785.714285714
1
117107.142857143
4
117428.571428571
2
117750
3
118071.428571429
3
117428.571428571
3
116571.428571429
2
117428.571428571
4
118500
1
118821.428571429
3
119142.857142857
1
119464.285714286
4
119785.714285714
4
119142.857142857
1
118285.714285714
4
119142.857142857
4
120214.285714286
1
120535.714285714
4
120857.142857143
3
121500
2
120857.142857143
1
121178.571428571
3
120000
2
120857.142857143
3
121928.571428571
4
122250
1
122571.428571429
2
122571.428571429
4
122892.857142857
2
122892.857142857
3
123214.285714286
1
123214.285714286
4
121714.285714286
1
122571.428571429
1
123642.857142857
2
123642.857142857
2
123964.285714286
4
123964.285714286
3
124285.714285714
2
124285.714285714
4
124607.142857143
1
124928.571428571
2
123642.857142857
1
123642.857142857
2
123964.285714286
4
123964.285714286
3
124285.714285714
2
124285.714285714
4
124607.142857143
1
124928.571428571
4
125357.142857143
3
125357.142857143
3
125678.571428571
1
125678.571428571
4
126000
1
126321.428571428
3
126642.857142857
4
125357.142857143
3
125357.142857143
3
125678.571428571
1
125678.571428571
4
126000
1
126321.428571428
3
126642.857142857
1
127071.428571428
2
127071.428571428
2
127392.857142857
4
127392.857142857
3
127714.285714286
2
127714.285714286
4
128035.714285714
1
128357.142857143
2
127071.428571428
1
127071.428571428
2
127392.857142857
4
127392.857142857
3
127714.285714286
2
127714.285714286
4
128035.714285714
1
128357.142857143
3
128571.428571428
3
128785.714285714
2
128892.857142857
2
129107.142857143
4
129214.285714286
1
129642.857142857
4
129642.857142857
3
129857.142857143
2
129857.142857143
1
130071.428571428
4
130071.428571428
1
129642.857142857
4
129642.857142857
3
129857.142857143
2
129857.142857143
1
130071.428571428
4
130071.428571428
3
129428.571428571
1
130500
2
130500
2
130821.428571428
4
130821.428571428
3
131142.857142857
2
131142.857142857
4
131464.285714286
1
131785.714285714
2
130500
1
130500
2
130821.428571428
4
130821.428571428
3
131142.857142857
2
131142.857142857
4
131464.285714286
1
131785.714285714
4
132214.285714286
3
132214.285714286
3
132535.714285714
1
132535.714285714
4
132857.142857143
1
133178.571428571
3
133500
4
132214.285714286
3
132214.285714286
3
132535.714285714
1
132535.714285714
4
132857.142857143
1
133178.571428571
3
133500
1
133928.571428571
2
133928.571428571
2
134250
4
134250
3
134571.428571428
2
134571.428571428
4
134892.857142857
1
135214.285714286
2
133928.571428571
1
133928.571428571
2
134250
4
134250
3
134571.428571428
2
134571.428571428
4
134892.857142857
1
135214.285714286
4
135428.571428571
3
135428.571428571
2
135642.857142857
1
135857.142857143
3
135857.142857143
2
136071.428571428
4
136285.714285714
1
136285.714285714
3
136500
1
136714.285714286
4
136714.285714286
2
136928.571428571
4
135428.571428571
3
135428.571428571
2
135642.857142857
1
135857.142857143
3
135857.142857143
2
136071.428571428
1
136285.714285714
4
136285.714285714
3
136500
1
136714.285714286
4
136714.285714286
2
136928.571428571
1
137142.857142857
3
137357.142857143
2
137571.428571428
1
137785.714285714
4
138000
2
138321.428571428
3
138642.857142857
1
138857.142857143
2
138964.285714286
4
139071.428571428
3
139285.714285714
1
139500
3
139714.285714286
2
140035.714285714
4
140357.142857143
